(-0.00326174,0.000375352)
(-0.0022039,0.000301604)
(-0.00077318,0.000160869)
(-0.000153381,7.69628e-05)
(0.000162347,9.1744e-07)
(0.000106241,5.16703e-05)
(-0.000916176,0.000315781)
(-0.0015228,0.000433689)
(-0.000583945,0.000209487)
(0.000305259,-3.51589e-07)
(0.000165251,-6.11113e-05)
(2.22343e-05,-0.000140745)
(0.000128669,-0.000114032)
(9.9033e-05,5.11399e-05)
(0.000386725,-6.54762e-05)
(0.000820655,-0.000439058)
(0.000306595,-0.000365636)
(-0.000968172,0.000283248)
(-0.00141935,0.000640807)
(-0.000522051,0.000238611)
(0.000358314,-0.000186515)
(-9.66362e-05,0.000131357)
(-0.00123865,0.000755551)
(-0.00134817,0.000739391)
(-0.000253713,9.60617e-05)
(0.000551165,-0.000404827)
(0.000254217,-0.000363786)
(-0.00032017,3.77253e-06)
(-0.000243025,0.000207515)
(0.000274976,-9.26987e-05)
(0.000433554,-0.000487616)
(0.000167084,-0.000380732)
(0.000173519,-0.000140133)
(0.000413018,-0.000287824)
(7.47321e-05,-0.00030783)
(-0.000643012,0.000245909)
(-0.000582584,0.000572456)
(0.000279396,-5.75928e-05)
(0.00060089,-0.000757655)
(-7.6874e-05,-0.000401437)
(-0.000602226,0.000390463)
(-0.000279932,0.000455337)
(7.78936e-05,0.000105159)
(-0.000114959,0.000152392)
(-0.000372372,0.000526488)
(-0.000370726,0.000792234)
(-0.00031267,0.000645693)
(-0.000314891,0.000191743)
(-0.000462972,0.000293598)
(-0.000763708,0.00120242)
(-0.000832216,0.00154113)
(-0.000530463,0.000643609)
(-0.00035588,2.14467e-05)
(-0.000405524,0.000416796)
(-0.0001561,0.000396526)
(0.000332894,-0.000559598)
(0.000425179,-0.00090818)
(-2.25909e-05,0.000217549)
(-0.000537129,0.00152132)
(-0.000618036,0.00135157)
(-0.000306481,0.000272195)
(-0.000193764,0.000275293)
(-0.000337847,0.000958412)
(-0.000215984,0.000498581)
(1.84747e-05,-0.000175175)
(-4.54278e-05,0.000241989)
(-0.000141158,0.00044893)
(-0.000116199,6.49538e-05)
(-0.000184074,0.000367441)
(-0.000206809,0.00090177)
(-3.54019e-05,0.000709851)
(7.62077e-05,0.000352306)
(6.20977e-05,1.72116e-05)
(7.69027e-05,-0.000485899)
(9.75224e-05,-0.00058335)
(6.00744e-05,-0.000176674)
(3.50874e-05,0.000298289)
(7.02734e-05,0.00084103)
(8.25096e-05,0.000955236)
(9.63207e-06,0.000103084)
(-3.5541e-05,-0.000574482)
(3.42261e-05,-0.000103196)
(6.90682e-05,0.000224469)
(-3.74744e-05,-0.000488541)
(-9.59422e-05,-0.000872708)
(4.51804e-05,-7.40888e-05)
(0.000173682,0.000554316)
(5.49478e-05,-7.4628e-06)
(-0.000103871,-0.000608513)
(6.37884e-05,0.000102647)
(0.000337992,0.00107423)
(0.00019059,0.0005098)
(-0.000164718,-0.000653678)
(-0.000112668,-0.000424036)
(0.000124859,0.000279403)
(1.60645e-05,-0.000162235)
(-0.000129746,-0.000447507)
(9.80015e-05,0.000585452)
(0.000303345,0.00123252)
(0.000159245,0.000527906)
(0.00012629,0.000115916)
(0.000558668,0.000939958)
(0.00078393,0.00148764)
(0.000233992,0.000630448)
(-0.000216782,-0.000203518)
(0.000274876,0.000411117)
(0.00097882,0.0013996)
(0.00091431,0.00122552)
(0.000287897,0.000262829)
(-1.18725e-06,-0.000130907)
(0.000478861,0.000519836)
(0.000933307,0.00109994)
(0.000459941,0.000499251)
(-0.000195424,-0.000267149)
(-1.88033e-05,2.85984e-05)
(0.000241677,0.000345338)
(-0.00030888,-0.000354966)
(-0.000936391,-0.00104884)
(-0.000631547,-0.000690907)
(0.00027523,0.000203125)
(0.000688458,0.00061314)
(0.000401994,0.000362554)
(0.000266055,0.000141365)
(0.000540946,0.000363602)
(0.000480804,0.000521325)
(-4.23718e-05,0.000209762)
(-0.000334318,-0.000171202)
(-0.000160247,-0.000178696)
(0.000262196,0.000118812)
(0.000711874,0.000406483)
(0.000698994,0.000378824)
(5.42786e-05,6.72753e-05)
(-0.000477576,-9.16992e-05)
(-0.000366454,4.40287e-05)
(-0.000136392,5.46225e-05)
(-0.00020566,-0.000162478)
(-0.000192226,-0.000197756)
(9.97799e-06,-2.62237e-05)
(-1.96127e-05,-3.05073e-05)
(-0.000110298,-0.000151297)
(8.58574e-05,-8.64158e-05)
(0.000115837,7.68037e-06)
(-0.000185485,-7.59975e-05)
(-0.000197149,-0.000126544)
(4.79784e-05,-5.72894e-05)
(-2.14082e-05,-6.34366e-05)
(-0.000272891,-0.000135241)
(-0.000123454,-9.08057e-05)
(0.000432037,3.55003e-05)
(0.000507732,4.18973e-05)
(-0.000376371,-9.50589e-05)
(-0.0010504,-0.000184868)
(-0.000439203,-0.000145384)
(0.000565312,-4.24292e-05)
(0.000934952,0.000126434)
(0.000924484,0.000259114)
(0.000708261,0.000162243)
(0.00025564,-1.67172e-05)
(-5.99264e-06,-2.07569e-05)
(-6.22262e-05,3.05555e-05)
(-0.000376809,-3.888e-06)
(-0.000753372,-2.09312e-05)
(-0.000573692,-2.32612e-05)
(-0.00012692,-7.92132e-05)
(-0.000257976,-1.76789e-05)
(-0.000722513,0.000220508)
(-0.000623531,0.000311911)
(-0.000285257,0.000188759)
(-0.000493539,0.000172051)
(-0.000731384,0.000243702)
(-0.000400426,0.000113199)
(9.15631e-05,-0.000115234)
(0.000540022,-0.00015767)
(0.000865763,-6.07852e-05)
(0.000617556,-3.57971e-05)
(4.7737e-05,-7.82556e-05)
(-0.000132828,-2.46233e-05)
(3.01201e-05,7.06848e-05)
(0.000135879,1.4222e-05)
(1.46052e-05,-7.33269e-05)
(-0.000314235,2.79642e-05)
(-0.000636874,0.000224606)
(-0.000741906,0.000353807)
(-0.00042011,0.000336757)
(0.000263161,0.000160694)
(0.000510388,5.24909e-05)
(2.53812e-05,0.000109142)
(-0.000133748,-2.14184e-05)
(0.000508438,-0.000462123)
(0.00104129,-0.000778341)
(0.000856041,-0.000655498)
(0.000264788,-0.000288471)
(-0.000246275,2.78172e-05)
(-0.00041443,0.000282825)
(-0.000458681,0.000589386)
(-0.000698373,0.000795925)
(-0.000723561,0.000594799)
(-0.000164964,9.58805e-05)
(0.000336604,-0.00022084)
(0.000241519,-0.000199767)
(3.97436e-06,-0.000116941)
(2.82318e-05,-0.000160863)
(5.76712e-05,-0.000176444)
(-8.91187e-05,4.61465e-05)
(-0.000222888,0.000382615)
(-0.000188941,0.000425768)
(-3.07686e-05,6.82282e-05)
(1.47768e-05,-0.00013903)
(-0.000135539,0.000106608)
(-0.000160772,0.000179696)
(4.00029e-05,-0.000207703)
(6.6951e-05,-0.000304516)
(-0.000160566,0.000206295)
(-0.000292584,0.000663831)
(-0.000288167,0.000667272)
(-0.000288278,0.000451741)
(-0.00021923,0.000331253)
(-7.15041e-05,0.000281267)
(9.93116e-05,-0.000128743)
(0.000251738,-0.000706836)
(0.000174328,-0.000494039)
(-0.000105352,0.000187663)
(-0.000101683,3.76066e-05)
(0.000248777,-0.000570038)
(0.000401839,-0.000522026)
(0.000238385,-0.000383857)
(0.000123387,-0.000717783)
(5.69881e-05,-0.000513292)
(-0.000123651,0.000408855)
(-0.000213526,0.000714308)
(-0.00014192,0.000383092)
(-0.000125631,0.00036833)
(-8.78321e-05,0.000239336)
(9.31085e-05,-0.000226923)
(0.000133189,4.51691e-05)
(-4.48065e-05,0.000686345)
(-0.000101622,0.000407478)
(-2.75251e-06,-2.73096e-05)
(-1.94021e-07,0.000181069)
(-6.16812e-05,-9.96553e-05)
(-4.06009e-05,-0.000960714)
(2.9791e-06,-0.000945742)
(-2.5424e-05,-0.000163311)
(-8.3304e-05,0.000125886)
(-5.73504e-05,7.82017e-06)
(3.81832e-05,0.000254914)
(3.57972e-05,0.000549867)
(-2.11246e-05,0.000322489)
(8.11392e-05,8.53842e-06)
(0.000143641,-5.00114e-05)
(-8.75801e-05,-0.000249156)
(-0.000187315,-0.000402097)
(0.000155465,4.13271e-06)
(0.000308034,0.000332443)
(-5.74548e-05,2.22673e-05)
(-0.000174305,-0.000130496)
(0.000301094,0.000291064)
(0.000520958,0.000454695)
(8.11946e-05,1.48903e-05)
(-0.000215461,-0.000241137)
(5.62837e-05,8.52026e-05)
(0.000240301,0.000363664)
(3.2412e-05,9.15024e-05)
(-6.43177e-05,-0.000323998)
(7.54594e-05,-0.000308849)
(4.89818e-05,-6.54509e-05)
(-0.000164659,-0.00015148)
(-0.000151472,-0.000308948)
(0.000194341,2.48139e-05)
(0.000358855,0.000261309)
(-6.97459e-05,-0.000379342)
(-0.000543776,-0.000971518)
(-0.000395291,-0.000514977)
(-2.78644e-05,9.05906e-05)
(-3.764e-05,-6.40002e-05)
(-0.000138474,-0.000330909)
(5.90494e-05,-9.58938e-05)
(0.000370278,0.000339086)
(0.000521106,0.00059087)
(0.000445459,0.000536258)
(0.000174892,0.000269241)
(-0.000144215,-2.60775e-05)
(-0.000120736,-0.000146222)
(0.000242478,-4.98108e-05)
(0.000198016,-0.000111327)
(-0.000453234,-0.000579799)
(-0.000700323,-0.00078574)
(-2.89154e-05,-0.000154287)
(0.000769646,0.000632679)
(0.000820497,0.000649827)
(4.09158e-05,2.28719e-05)
(-0.000685194,-0.0003969)
(-0.000491955,-0.000224758)
(3.52442e-05,-9.09792e-06)
(-3.58266e-05,-0.0001487)
(-0.000319435,-0.000215161)
(-0.000288216,-2.05093e-05)
(-0.000152219,6.5933e-06)
(-1.37177e-05,-0.000164441)
(4.21657e-05,-0.000186925)
(-9.82537e-05,-5.31066e-05)
(-2.39883e-05,7.08739e-05)
(0.000461081,0.000179169)
(0.000720063,0.000245294)
(0.000404179,0.00018261)
(-8.299e-05,1.94217e-05)
(-0.000562445,-0.00015362)
(-0.000932774,-0.000239025)
(-0.00062004,-0.000130901)
(0.000204428,7.55494e-05)
(0.000312112,0.000109536)
(-0.000232942,-1.70981e-05)
(-0.000166743,-5.0032e-05)
(0.000202675,-1.19448e-05)
(-4.29866e-05,-3.73625e-05)
(-0.000267132,-1.4111e-05)
(-0.000134132,7.71855e-05)
(-0.000408729,1.8964e-05)
(-0.000844615,-0.000154194)
(-0.000811677,-0.00014999)
(-0.000688828,1.64064e-05)
(-0.000635077,4.8152e-05)
(-0.000221754,-8.27205e-05)
(0.000256902,-0.000129934)
(0.000246446,-3.30694e-05)
(-9.3656e-06,4.39639e-05)
(-1.00059e-05,4.68102e-05)
(0.000148062,4.19132e-05)
(-3.07251e-05,6.68697e-05)
(-0.000764046,0.000157958)
(-0.00147125,0.000277321)
(-0.00125318,0.000237645)
(-0.000289363,4.20192e-05)
(0.000241234,-4.0468e-05)
(0.000138508,7.30043e-06)
(0.000193772,-2.08931e-05)
(0.000140211,3.42664e-06)
(-0.000582382,0.000242878)
(-0.00102765,0.000368967)
(-0.000433598,0.000154171)
(0.000152104,-3.98887e-05)
(-1.0216e-05,7.67014e-06)
(-0.000226106,7.59278e-05)
(-0.000125517,8.30119e-05)
(-3.77483e-05,9.05302e-05)
(-9.56452e-05,0.000100652)
(-0.000434371,0.000252706)
(-0.000816673,0.00044063)
(-0.000469977,0.000257442)
(0.000174527,-1.1814e-05)
(6.47397e-05,8.23541e-05)
(-0.00018107,5.89374e-05)
(0.000118946,-0.000210953)
(4.34213e-05,3.853e-06)
(-0.000572104,0.000529707)
(-0.000638448,0.000527117)
(-5.08244e-05,6.3604e-05)
(0.00039175,-0.000282401)
(0.000197434,-0.000106274)
(-0.000565428,0.000608527)
(-0.00113946,0.0011149)
(-0.0010806,0.00096103)
(-0.000953965,0.00081633)
(-0.00100095,0.000988584)
(-0.000726516,0.000840287)
(-0.000204321,0.000312634)
(0.000109259,-3.25719e-05)
(0.000271679,-0.000203499)
(0.000458248,-0.000456108)
(0.000417546,-0.000406156)
(5.70067e-05,6.3956e-05)
(-0.000126926,0.000153486)
(0.000164252,-0.000394585)
(0.000443178,-0.000726597)
(0.000358077,-0.000633429)
(0.000212703,-0.000705269)
(0.00015052,-0.000762158)
(3.10912e-05,-0.000403123)
(-0.000122385,0.000101714)
(-0.000193293,0.00043157)
(-0.000142954,0.000470794)
(-0.000103756,0.000349191)
(-0.000261485,0.000511923)
(-0.000383402,0.000719497)
(-0.000173737,0.000395712)
(2.61972e-05,9.6803e-05)
(-2.26853e-05,0.00021789)
(6.04963e-05,-7.4331e-05)
(0.000262842,-0.000608486)
(0.000177986,-0.000363797)
(-2.77784e-05,0.000173709)
(-4.59173e-05,0.000220023)
(-3.94273e-05,0.000342966)
(-0.000122759,0.000807015)
(-0.000108216,0.000720343)
(2.28582e-05,-1.36458e-05)
(7.89327e-05,-0.000218644)
(2.97813e-05,0.00038829)
(3.16628e-05,0.000416786)
(6.59173e-05,-0.000566349)
(-3.63149e-05,-0.00095931)
(-0.000171785,-8.78183e-05)
(-0.000108934,0.000594787)
(3.30609e-05,0.000270402)
(4.71238e-05,-0.000134283)
(2.13871e-05,6.37706e-05)
(4.89963e-05,0.000349621)
(6.16512e-05,0.000287202)
(7.18019e-05,0.00023319)
(7.15554e-05,0.000108478)
(-3.39186e-05,-0.000525357)
(-6.54157e-05,-0.00058433)
(0.000207105,0.000993434)
(0.000468999,0.00232273)
(0.00031855,0.00135862)
(1.64742e-05,-0.000366846)
(-5.31844e-05,-0.000697383)
(-2.44728e-05,-0.000196114)
(-0.000103386,-0.000160435)
(-0.000184837,-0.000563671)
(-0.000176398,-0.00086683)
(-0.000156843,-0.000812594)
(-0.00020378,-0.000549319)
(-0.000248543,-0.000390993)
(-0.000131213,-0.000216755)
(6.15467e-05,5.61727e-05)
(4.11757e-05,-1.98756e-05)
(-0.000156385,-0.00041824)
(-0.000167142,-0.000353412)
(4.11232e-05,0.000166195)
(0.000204265,0.00039909)
(0.000275043,0.000360904)
(0.000384732,0.000544711)
(0.000511112,0.000777588)
(0.000498827,0.00064715)
(0.00024965,0.000242238)
(-3.82844e-05,-1.41195e-05)
(-1.79896e-05,0.000104728)
(0.000292266,0.000403887)
(0.000445241,0.000474026)
(0.000192675,0.000160328)
(-0.000163299,-0.000230055)
(-0.000142023,-0.000219331)
(0.000151338,7.83085e-05)
(0.000120837,2.25322e-05)
(-0.0001712,-0.000269126)
(-9.20315e-05,-8.83524e-05)
(0.000151109,0.000270091)
(-7.9269e-05,3.50139e-05)
(-0.000335154,-0.000331195)
(-0.00013947,-0.000204072)
(-4.33157e-05,-5.6168e-05)
(-0.000136957,-0.00012616)
(0.000157038,3.42703e-05)
(0.000474561,0.000265243)
(0.000318221,0.000186999)
(0.000192451,7.14807e-05)
(0.000197549,5.34746e-05)
(-0.000110705,-0.000113132)
(-0.000302236,-0.000245252)
(-0.000118713,-0.000148016)
(-0.000172301,-6.2084e-05)
(-0.000292527,-3.94119e-05)
(-4.87559e-05,9.44066e-06)
(-0.000121951,-0.000113208)
(-0.00047396,-0.000290199)
(-0.000247686,-0.000187616)
(1.27932e-05,-5.69698e-05)
(-0.000215318,-0.000134906)
(-7.0085e-05,-9.62267e-05)
(0.000362931,7.89516e-05)
(8.41275e-05,3.93576e-06)
(-0.000593838,-0.000237509)
(-0.00101446,-0.000328701)
(-0.000975966,-0.000257611)
(-0.000309602,-0.000119694)
(0.000132033,-5.28645e-05)
(-0.00048917,-0.000147683)
(-0.000708689,-0.000176193)
(0.000550255,4.63844e-06)
(0.00134561,0.000114747)
(0.000428343,3.39582e-05)
(-0.000469227,3.39921e-06)
(-0.000324095,5.46083e-05)
(-0.000403437,1.54317e-05)
(-0.00102702,-6.88824e-05)
(-0.000921108,-7.83881e-05)
(-0.000299688,-5.02011e-05)
(-0.000515918,-2.26895e-05)
(-0.000853799,-1.2665e-05)
(0.000125823,-5.77535e-05)
(0.00129458,-0.000125259)
(0.00088444,-0.000136716)
(-0.000355141,-4.07612e-05)
(-0.00095731,0.000192852)
(-0.000874157,0.000384608)
(-0.000479555,0.000256237)
(-0.000136642,-3.70159e-06)
(-0.000208227,-2.64478e-05)
(-0.000222691,2.12096e-05)
(0.00028669,-0.000116919)
(0.000672676,-0.000234443)
(0.000417688,-0.000176395)
(-6.39727e-05,-6.05775e-05)
(-0.000138871,-2.06233e-05)
(0.000609429,-0.000232554)
(0.00148155,-0.000534202)
(0.00107797,-0.000396624)
(2.51932e-05,-3.31746e-05)
(2.37438e-05,-0.000111692)
(0.000448729,-0.000303217)
(-3.46577e-06,3.12682e-06)
(-0.000594343,0.000388768)
(-0.000604109,0.000388116)
(-0.000353442,0.000137185)
(0.000134504,-0.000205177)
(0.000554133,-0.0003642)
(0.000330294,-0.00014393)
(6.22238e-05,-4.37205e-05)
(0.000466874,-0.000439622)
(0.000913088,-0.000820177)
(0.000785801,-0.000704017)
(0.00038903,-0.000269793)
(0.000174161,-4.67596e-05)
(0.000267109,-0.000267742)
(0.000223605,-0.000307899)
(-0.000312714,0.000265278)
(-0.00059521,0.000540028)
(-4.72873e-05,-6.64938e-05)
(0.000438567,-0.000532467)
(0.000265803,-0.000314742)
(0.00013672,-0.000229984)
(0.000243191,-0.000383092)
(5.33144e-05,-0.000117756)
(-0.000153897,0.000181246)
(0.000110228,-7.74701e-05)
(0.000304006,-0.000204186)
(1.31178e-05,0.000270258)
(-0.000187547,0.000462727)
(-0.00012497,9.92605e-05)
(-0.000202901,8.73053e-05)
(-0.000218045,0.000504224)
(0.000109882,0.000425368)
(0.000331598,-0.000203229)
(0.00019441,-0.000470799)
(6.98988e-05,-0.000174911)
(9.18513e-05,-6.81757e-07)
(3.06173e-05,-7.02599e-05)
(-0.000151451,0.00016159)
(-0.000189862,0.000351014)
(5.66943e-05,-0.000259598)
(0.000283784,-0.000975233)
(0.000167767,-0.000660132)
(-7.81897e-05,0.000157715)
(-0.000144116,0.000426501)
(-0.000122724,0.000342985)
(-0.00012627,0.000441318)
(-8.30641e-05,0.000438027)
(-2.32278e-07,4.79974e-05)
(3.07006e-05,-0.000180503)
(-3.92965e-05,0.000182029)
(-0.000141641,0.000420978)
(-3.13777e-05,-2.85988e-05)
(0.000309318,-0.000337792)
(0.000425672,9.53243e-05)
(0.000129763,0.000443009)
(-0.000104207,0.000197892)
(-3.37895e-05,1.47315e-05)
(-3.60739e-06,0.00014167)
(-0.000113965,0.000263717)
(-3.94922e-05,0.000405143)
(0.000185952,0.000408533)
(0.00019981,8.02749e-05)
(7.54462e-05,-6.94562e-06)
(8.70778e-05,0.000392557)
(0.000129943,0.000599371)
(7.34931e-05,0.000533683)
(5.08235e-05,0.000634725)
(7.56423e-05,0.000655168)
(2.48873e-05,0.000315198)
(-6.23788e-05,-4.56051e-06)
(-9.70667e-05,-3.24362e-05)
(-2.13525e-05,0.000165494)
(0.00011781,0.000392314)
(2.60462e-05,0.000202225)
(-0.000311292,-0.00044211)
(-0.000244314,-0.000582897)
(0.000381682,0.00023365)
(0.000657853,0.000815604)
(0.000225297,0.000335671)
(-8.12524e-05,-0.000188788)
(9.74492e-05,1.21749e-05)
(0.000222148,0.000257632)
(0.000115341,0.000158351)
(-4.01948e-05,6.72597e-06)
(-0.000270816,-0.000294641)
(-0.000449569,-0.000766705)
(-0.000349849,-0.00086892)
(-0.000115388,-0.000407557)
(1.93759e-07,6.64893e-05)
(-7.36554e-05,5.37173e-05)
(-0.000179275,-0.000158447)
(-0.000104409,-7.82742e-05)
(3.22895e-05,7.25136e-05)
(9.20102e-05,6.68505e-05)
(0.000327622,0.000334194)
(0.00043681,0.000566299)
(-0.000239646,-0.000100965)
(-0.000937618,-0.000880793)
(-0.000592136,-0.000521686)
(7.05122e-05,0.000216106)
(0.000205785,0.000316325)
(0.000280528,0.000285107)
(0.000357804,0.000374021)
(4.35051e-05,0.000118699)
(-5.79467e-05,-9.13481e-05)
(0.000532669,0.000318937)
(0.000978338,0.000717449)
(0.000643412,0.000382494)
(4.82688e-05,-0.000198562)
(-0.000246209,-0.000314503)
(-0.000336986,-0.000150292)
(-0.000396372,-0.00013017)
(-0.000324994,-0.000156448)
(-0.000158413,-6.28006e-05)
(-0.000235851,-3.67149e-05)
(-0.000549651,-0.000201258)
(-0.000593925,-0.000335068)
(-0.000268183,-0.000241582)
(-6.53641e-05,-6.35507e-05)
(-0.000281376,-6.36387e-05)
(-0.000654805,-0.000217443)
(-0.00058937,-0.000204645)
(0.0001256,7.48329e-05)
(0.000491306,0.000233176)
(-0.000163471,4.98628e-05)
(-0.000462932,-6.41316e-05)
(0.000448566,0.000135815)
(0.000741512,0.000215167)
(-0.000346232,-6.31743e-06)
(-0.000539243,-6.12194e-05)
(0.000801275,0.00016441)
(0.000917086,0.000197783)
(-0.000910965,-3.91528e-05)
(-0.0016314,-0.000122132)
(-0.000200847,3.37204e-05)
(0.000546342,0.000112411)
(-0.000517762,4.03981e-05)
(-0.0010237,-8.34727e-07)
(0.000115913,9.76326e-06)
(0.00111501,-1.66535e-06)
(0.000745795,-1.95687e-06)
(-6.26329e-05,5.26992e-06)
(-7.91291e-05,-5.23549e-05)
(0.000428621,-9.05923e-05)
(0.000221836,2.4921e-05)
(-0.000669851,0.000183508)
(-0.000877237,0.00017698)
(-0.000172121,4.71698e-05)
(0.000362694,-3.33913e-05)
(0.000561411,-8.25421e-05)
(0.000899016,-0.000160824)
(0.000940886,-0.000170684)
(0.000439808,-7.80389e-05)
(0.00017762,-1.27842e-05)
(0.000463648,-7.02379e-05)
(0.000765246,-0.000267593)
(0.000667128,-0.000413587)
(5.5733e-05,-0.00017744)
(-0.000510608,0.000205789)
(-0.000330417,0.000195849)
(-4.73675e-05,4.83495e-05)
(-0.000470697,0.000238676)
(-0.000873575,0.000440349)
(-0.000690459,0.000358915)
(-0.000402469,0.000218273)
(-8.69534e-05,5.57939e-05)
(0.000179348,-6.02831e-05)
(-0.000252676,0.000223498)
(-0.0010474,0.000712407)
(-0.00110697,0.000798973)
(-0.000309959,0.000340678)
(0.000579588,-0.000333889)
(0.000754293,-0.000565577)
(3.89719e-05,3.03212e-05)
(-0.000506159,0.000522628)
(-0.000173608,8.19967e-05)
(0.000100771,-0.000351489)
(-0.000165021,-5.34993e-05)
(-0.000251265,0.000231539)
(-0.00026628,0.00034396)
(-0.000711869,0.00077197)
(-0.000839814,0.000895112)
(-0.000123093,0.000164226)
(0.000575054,-0.000576178)
(0.000633397,-0.000622542)
(0.000438945,-0.000405861)
(0.000429518,-0.000464607)
(0.000477028,-0.000512207)
(0.00018889,-5.21547e-05)
(-0.000287774,0.000402865)
(-0.000312672,3.32631e-05)
(8.87925e-05,-0.000615344)
(0.000169231,-0.000501537)
(-9.10159e-05,-7.91355e-05)
(-7.61182e-07,-0.000294076)
(0.000310552,-0.000570664)
(0.000158133,-5.68604e-05)
(-0.00024776,0.000493143)
(-0.000240718,0.000205832)
(7.27334e-05,-0.000303415)
(0.000271079,-0.00048668)
(0.00034749,-0.000723169)
(0.000369553,-0.000892021)
(0.000279569,-0.000568934)
(0.000163728,-0.00031198)
(0.000134292,-0.000596635)
(0.000184842,-0.000920161)
(0.000179702,-0.000706993)
(-3.17382e-05,0.000101866)
(-0.000264455,0.000875049)
(-0.000145768,0.000527167)
(0.000174282,-0.000589666)
(0.000212856,-0.000664799)
(1.64542e-05,0.000295137)
(-2.41122e-05,0.000392413)
(9.16883e-05,-0.000298524)
(0.000116833,-0.000213319)
(4.76371e-05,4.77093e-05)
(2.64888e-05,-0.000705532)
(5.9453e-05,-0.00119108)
(7.17072e-05,-0.00032769)
(5.06554e-05,0.00041634)
(4.01842e-05,0.000185463)
(7.40036e-05,0.000104602)
(0.000102055,0.000294185)
(1.83739e-05,-0.000130197)
(-0.000122774,-0.000585455)
(-0.000122728,-0.00018858)
(-6.15569e-06,0.000239716)
(-1.53925e-05,-0.000234038)
(-0.000168474,-0.001046)
(-0.000158215,-0.000906891)
(8.77757e-05,0.000322514)
(0.00020461,0.00107121)
(5.33229e-05,0.000479619)
(1.22026e-05,-1.42878e-05)
(0.00020995,0.000422907)
(0.000273663,0.000595965)
(9.3654e-05,0.000197498)
(1.03634e-05,0.000192294)
(0.000147812,0.000495367)
(0.000221442,0.000391363)
(2.27465e-05,-0.000129132)
(-0.000175671,-0.00050383)
(4.2068e-05,-4.81608e-05)
(0.000496447,0.00100967)
(0.000542305,0.00123507)
(6.02727e-05,0.000167897)
(-0.000253248,-0.000583465)
(8.13017e-05,3.1894e-05)
(0.000515574,0.000790366)
(0.000243884,0.000306556)
(-0.000388734,-0.000660229)
(-0.000329169,-0.000561945)
(0.000302843,0.00029342)
(0.00027646,0.000268405)
(-0.000504796,-0.000708397)
(-0.000791404,-0.00106439)
(-0.000361471,-0.000526199)
(-0.000139025,-0.000233134)
(-0.00014415,-0.000254358)
(0.000280827,0.000180569)
(0.000825872,0.000743644)
(0.000666515,0.000576316)
(-9.9861e-05,-0.000146646)
(-0.00044973,-0.000445028)
(0.000243655,0.000133958)
(0.00107155,0.000786077)
(0.000751337,0.000533815)
(-4.45917e-05,-7.33888e-05)
(0.000287847,0.000141907)
(0.00128038,0.000806781)
(0.00111906,0.000665695)
(-0.000134512,-0.000157861)
(-0.000736605,-0.000507016)
(-0.000191549,-0.0001711)
(0.000245039,4.96003e-05)
(-0.0001513,-0.000175604)
(-0.000554261,-0.00033176)
(-0.000221031,-0.000124427)
(0.000253444,5.16923e-05)
(1.90947e-05,-8.28316e-05)
(-0.000572584,-0.000175541)
(-0.000714991,-1.39561e-05)
(-0.000518994,4.43104e-05)
(-0.000384488,-0.000127296)
(-0.000203451,-0.000173291)
(-3.16079e-05,-4.34227e-05)
(9.18772e-05,2.22377e-05)
(0.000549834,6.47238e-05)
(0.000963702,0.000136699)
(0.000425085,5.08014e-05)
(-0.000450147,-0.000135941)
(-0.000561609,-0.000189971)
(-0.000609182,-0.000177177)
(-0.000960307,-0.000193976)
(-0.000203499,-0.000100233)
(0.00137448,7.55141e-05)
(0.0014258,8.70351e-05)
(0.000134724,-5.40602e-05)
(-0.00032493,-0.000110377)
(4.40332e-05,-4.81476e-05)
(0.00043675,-1.43015e-05)
(0.00118411,-8.06852e-05)
(0.00155179,-0.000168517)
(0.000586583,-9.45722e-05)
(-0.000348701,0.000166407)
(-0.000251852,0.000329154)
(-0.000182665,0.000193918)
(-0.000348268,-3.91042e-05)
(-0.000185047,-8.65692e-05)
(2.08456e-05,-7.95664e-06)
(0.000457274,-0.000102555)
(0.00123439,-0.000342398)
(0.000998664,-0.000295558)
(-0.000323787,4.10456e-05)
(-0.000694952,0.000106203)
(-3.98699e-05,-9.72768e-05)
(-5.75107e-05,1.09031e-05)
(-0.000506896,0.000325513)
(-0.000377164,0.000304153)
(-0.000253599,0.000132262)
(-0.000622621,0.000229024)
(-0.000724061,0.000323486)
(-0.000320893,0.000140787)
(-0.000180567,4.28302e-05)
(-0.000440459,0.00017665)
(-0.000180782,3.14303e-05)
(0.000625115,-0.000427023)
(0.00077249,-0.000497775)
(0.000174607,-0.000117067)
(-6.0369e-05,1.80201e-05)
(7.04613e-05,-0.000124048)
(-4.39278e-05,-4.95178e-06)
(-0.00010015,0.000275303)
(3.68304e-05,0.000315078)
(-0.000125935,0.000238817)
(-0.000248272,9.31839e-05)
(0.000337712,-0.000404427)
(0.000892765,-0.00082407)
(0.000478476,-0.000481679)
(-0.000140359,4.49869e-05)
(-4.00811e-05,-4.20985e-05)
(7.85137e-05,-0.000145253)
(-0.000377853,0.000303663)
(-0.000565254,0.000519409)
(-8.42219e-05,6.66573e-05)
(0.000277703,-0.000320082)
(0.000274988,-0.000343553)
(0.000387736,-0.000436404)
(0.000517707,-0.000516736)
(0.000210408,-0.000159879)
(-0.000275438,0.000356008)
(-0.000319816,0.00037125)
(0.000156621,-0.000325166)
(0.000638595,-0.00113308)
(0.000532712,-0.00101163)
(-0.000101616,3.24284e-05)
(-0.000435017,0.000572362)
(-0.00016179,0.000191838)
(-2.83529e-06,0.00015412)
(-0.000272945,0.00070841)
(-0.000339378,0.00060215)
(-7.28588e-06,-0.00020814)
(0.000148827,-0.000457908)
(-3.40508e-05,-3.72484e-05)
(-0.000136027,0.000113709)
(-8.68446e-05,9.15536e-05)
(-0.000110635,0.000362929)
(-0.000146148,0.000430699)
(-0.000103064,0.000144307)
(-0.000100212,0.000148413)
(-0.000103844,0.000256978)
(-4.47515e-06,-0.00013205)
(6.53648e-05,-0.000484888)
(1.57105e-06,-0.00024903)
(-6.00311e-05,-1.05111e-05)
(-5.79681e-05,-3.02966e-05)
(-8.72563e-05,0.000288044)
(-0.000128342,0.00055127)
(-8.08186e-05,-0.000202031)
(-1.19596e-06,-0.00122254)
(-8.26555e-06,-0.00115517)
(-5.76221e-05,-0.000426222)
(-6.83195e-05,-0.000123725)
(-5.57969e-05,-0.000309296)
(-4.17161e-05,-0.000404886)
(-3.69056e-05,-3.55026e-05)
(-5.15183e-05,0.000419125)
(-1.47324e-05,0.000344256)
(7.70697e-05,8.30255e-05)
(8.25493e-05,0.000293029)
(8.63482e-06,0.000664956)
(3.97418e-05,0.00072209)
(0.000175087,0.000658823)
(0.000225419,0.000738505)
(0.000130379,0.000763619)
(1.91273e-05,0.000514324)
(-1.45497e-07,0.000256077)
(2.7071e-05,0.000255577)
(4.09391e-05,0.000358527)
(9.51816e-05,0.000494218)
(0.000139576,0.000581373)
(6.86247e-05,0.000367796)
(7.51059e-05,0.000301454)
(0.000244174,0.000734245)
(0.000191758,0.000614303)
(-0.000139243,-0.000457902)
(-0.00022129,-0.000904197)
(-5.3984e-05,-0.000272729)
(-0.000155124,-0.000108827)
(-0.000435179,-0.000681857)
(-0.000413948,-0.000667227)
(-0.000101936,7.89116e-05)
(0.000152535,0.000427605)
(0.000199832,9.26199e-05)
(0.000186339,-7.39147e-05)
(0.000258711,0.000304752)
(0.000244846,0.00051173)
(0.000140272,0.000308121)
(0.000264015,0.000341618)
(0.000288286,0.00041553)
(-0.000331732,-0.000193041)
(-0.000910755,-0.000891542)
(-0.00066984,-0.000814491)
(-0.000136076,-0.000273654)
(0.000217864,0.000241399)
(0.000525388,0.000499422)
(0.000481364,0.000209402)
(-6.03644e-05,-0.000286505)
(-0.000519099,-0.000412199)
(-0.000562488,-0.000326866)
(-0.000212461,-0.000153424)
(0.000326352,0.000225303)
(0.000367287,0.000309038)
(-0.000296934,-0.000162632)
(-0.000807181,-0.0004843)
(-0.000604504,-0.00028608)
(4.48493e-05,4.46297e-05)
(0.000517412,0.000193515)
(0.000158007,3.98054e-05)
(-0.000563799,-0.00020433)
(-0.000322499,-5.06911e-05)
(0.000375698,0.000227957)
(4.3635e-05,-7.73233e-06)
(-0.000487828,-0.000283204)
(4.99396e-05,1.56083e-05)
(0.000456488,0.000245999)
(-0.000148976,-6.83096e-05)
(-0.000373754,-0.000248768)
(0.000391671,5.03343e-05)
(0.000934318,0.000310359)
(0.000582807,0.000239034)
(-6.08317e-05,1.26806e-05)
(-0.000240949,-0.000144711)
(0.000160008,-8.1042e-05)
(0.000572163,0.000114748)
(0.000502705,0.000164241)
(0.000169793,4.92954e-05)
(5.40718e-05,9.01835e-06)
(0.000171561,8.60848e-05)
(0.000189725,9.24342e-05)
(6.146e-05,-1.62747e-05)
(2.33153e-05,-7.05675e-05)
(0.000147083,-3.65872e-06)
(0.00040897,4.78482e-05)
(0.0006385,2.133e-05)
(0.000394893,5.48197e-06)
(-0.00011707,2.52435e-05)
(-1.88812e-05,2.11265e-05)
(0.000577237,-4.2285e-07)
(0.000567545,1.10126e-05)
(-8.93797e-05,5.4627e-05)
(-0.00038182,8.33894e-05)
(4.8125e-05,3.9326e-05)
(0.000599823,-7.17638e-05)
(0.000536267,-9.57927e-05)
(-0.000174894,6.94373e-05)
(-0.000551633,0.000177317)
(-0.000115726,5.28396e-05)
(0.000149628,-1.83948e-05)
(-0.000131992,7.38615e-05)
(-3.4896e-05,3.03062e-05)
(0.000327237,-7.95466e-05)
(0.00012707,1.92751e-05)
(-0.000151385,0.0001092)
(-3.52699e-05,3.84271e-05)
(-0.000262925,0.000143806)
(-0.000885676,0.000434037)
